0	      					 3 5 7 9 11 13 15 17 19 21 23 25 27 29 31 33 35 37 39 41 43 45 47 49 51 53 55 57 59 61 63 65 67 69 71 73 75 77 79 81 83 85 87 89 91
2	      					 3 5 7 9 11 13 15 17 19 21 23 25 27 29 31 33 35 37 39 41 43 45 47 49 51 53 55 57 59 61 63 65 67 69 71 73 75 77 79 81 83 85 87 89 91 1
3	M=a       				4
4	W=a       				2
5	M=a:      				6
6	W=a:      				2
7	M=a_u     				8
8	W=a_u     				2
9	M=b       				10
10	W=b       				2
11	M=c       				12
12	W=c       				2
13	M=d       				14
14	W=d       				2
15	M=d_Z     				16
16	W=d_Z     				2
17	M=d_z     				18
18	W=d_z     				2
19	M=e       				20
20	W=e       				2
21	M=e:      				22
22	W=e:      				2
23	M=e_u     				24
24	W=e_u     				2
25	M=F       				26
26	W=F       				2
27	M=f       				28
28	W=f       				2
29	M=g       				30
30	W=g       				2
31	M=h_      				32
32	W=h_      				2
33	M=i       				34
34	W=i       				2
35	M=i:      				36
36	W=i:      				2
37	M=int     				38
38	W=int     				2
39	M=J       				40
40	W=J       				2
41	M=J_      				42
42	W=J_      				2
43	M=j       				44
44	W=j       				2
45	M=k       				46
46	W=k       				2
47	M=l       				48
48	W=l       				2
49	M=m       				50
50	W=m       				2
51	M=N       				52
52	W=N       				2
53	M=n       				54
54	W=n       				2
55	M=o       				56
56	W=o       				2
57	M=o:      				58
58	W=o:      				2
59	M=o_u     				60
60	W=o_u     				2
61	M=P_      				62
62	W=P_      				2
63	M=p       				64
64	W=p       				2
65	M=pau     				66
66	W=pau     				2
67	M=r       				68
68	W=r       				2
69	M=S       				70
70	W=S       				2
71	M=s       				72
72	W=s       				2
73	M=spk     				74
74	W=spk     				2
75	M=t       				76
76	W=t       				2
77	M=t_S     				78
78	W=t_S     				2
79	M=t_s     				80
80	W=t_s     				2
81	M=u       				82
82	W=u       				2
83	M=u:      				84
84	W=u:      				2
85	M=v       				86
86	W=v       				2
87	M=x       				88
88	W=x       				2
89	M=Z       				90
90	W=Z       				2
91	M=z       				92
92	W=z       				2
