0	      					 3 5 7 9 11 13 15 17 19 21 23 25 27 29 31 33 35 37 39 41 43 45 47 49 51 53 55 57 59 61 63 65 67 69 71 73 75 77 79
2	      					 3 5 7 9 11 13 15 17 19 21 23 25 27 29 31 33 35 37 39 41 43 45 47 49 51 53 55 57 59 61 63 65 67 69 71 73 75 77 79 1
3	M=aa      				4
4	W=aa      				2
5	M=ae      				6
6	W=ae      				2
7	M=ah      				8
8	W=ah      				2
9	M=aw      				10
10	W=aw      				2
11	M=ay      				12
12	W=ay      				2
13	M=b       				14
14	W=b       				2
15	M=d       				16
16	W=d       				2
17	M=dh      				18
18	W=dh      				2
19	M=dx      				20
20	W=dx      				2
21	M=eh      				22
22	W=eh      				2
23	M=er      				24
24	W=er      				2
25	M=ey      				26
26	W=ey      				2
27	M=f       				28
28	W=f       				2
29	M=g       				30
30	W=g       				2
31	M=hh      				32
32	W=hh      				2
33	M=ch      				34
34	W=ch      				2
35	M=ih      				36
36	W=ih      				2
37	M=iy      				38
38	W=iy      				2
39	M=jh      				40
40	W=jh      				2
41	M=k       				42
42	W=k       				2
43	M=l       				44
44	W=l       				2
45	M=m       				46
46	W=m       				2
47	M=n       				48
48	W=n       				2
49	M=ng      				50
50	W=ng      				2
51	M=ow      				52
52	W=ow      				2
53	M=oy      				54
54	W=oy      				2
55	M=p       				56
56	W=p       				2
57	M=pau     				58
58	W=pau     				2
59	M=r       				60
60	W=r       				2
61	M=s       				62
62	W=s       				2
63	M=sh      				64
64	W=sh      				2
65	M=t       				66
66	W=t       				2
67	M=th      				68
68	W=th      				2
69	M=uh      				70
70	W=uh      				2
71	M=uw      				72
72	W=uw      				2
73	M=v       				74
74	W=v       				2
75	M=w       				76
76	W=w       				2
77	M=y       				78
78	W=y       				2
79	M=z       				80
80	W=z       				2
