0	      					 3 5 7 9 11 13 15 17 19 21 23 25 27 29 31 33 35 37 39 41 43 45 47 49 51 53 55 57 59 61 63 65 67 69 71 73 75 77 79 81 83 85 87 89 91 93 95 97 99 101 103 105
2	      					 3 5 7 9 11 13 15 17 19 21 23 25 27 29 31 33 35 37 39 41 43 45 47 49 51 53 55 57 59 61 63 65 67 69 71 73 75 77 79 81 83 85 87 89 91 93 95 97 99 101 103 105 1
3	M=a       				4
4	W=a       				2
5	M=a:      				6
6	W=a:      				2
7	M=b       				8
8	W=b       				2
9	M=b:      				10
10	W=b:      				2
11	M=d       				12
12	W=d       				2
13	M=d:      				14
14	W=d:      				2
15	M=e       				16
16	W=e       				2
17	M=e:      				18
18	W=e:      				2
19	M=f       				20
20	W=f       				2
21	M=f:      				22
22	W=f:      				2
23	M=g       				24
24	W=g       				2
25	M=g:      				26
26	W=g:      				2
27	M=i       				28
28	W=i       				2
29	M=i:      				30
30	W=i:      				2
31	M=int     				32
32	W=int     				2
33	M=j       				34
34	W=j       				2
35	M=k       				36
36	W=k       				2
37	M=k:      				38
38	W=k:      				2
39	M=l       				40
40	W=l       				2
41	M=l:      				42
42	W=l:      				2
43	M=m       				44
44	W=m       				2
45	M=m:      				46
46	W=m:      				2
47	M=n       				48
48	W=n       				2
49	M=n:      				50
50	W=n:      				2
51	M=o:      				52
52	W=o:      				2
53	M=p       				54
54	W=p       				2
55	M=p:      				56
56	W=p:      				2
57	M=pau     				58
58	W=pau     				2
59	M=r       				60
60	W=r       				2
61	M=r:      				62
62	W=r:      				2
63	M=S       				64
64	W=S       				2
65	M=s       				66
66	W=s       				2
67	M=s:      				68
68	W=s:      				2
69	M=spk     				70
70	W=spk     				2
71	M=Ss      				72
72	W=Ss      				2
73	M=t       				74
74	W=t       				2
75	M=t:      				76
76	W=t:      				2
77	M=tS      				78
78	W=tS      				2
79	M=t_S     				80
80	W=t_S     				2
81	M=ts      				82
82	W=ts      				2
83	M=t_s     				84
84	W=t_s     				2
85	M=u       				86
86	W=u       				2
87	M=u:      				88
88	W=u:      				2
89	M=v       				90
90	W=v       				2
91	M=v:      				92
92	W=v:      				2
93	M=x       				94
94	W=x       				2
95	M=x:      				96
96	W=x:      				2
97	M=Z       				98
98	W=Z       				2
99	M=z       				100
100	W=z       				2
101	M=z:      				102
102	W=z:      				2
103	M=_1      				104
104	W=_1      				2
105	M=_1:     				106
106	W=_1:     				2
