0	      					 3 5 7 9 11 13 15 17 19 21 23 25 27 29 31 33 35 37 39 41 43 45 47 49 51 53 55 57 59 61 63 65 67 69 71 73 75 77 79 81 83 85 87 89 91 93 95 97 99 101 103 105 107 109 111 113 115 117 119 121 123
2	      					 3 5 7 9 11 13 15 17 19 21 23 25 27 29 31 33 35 37 39 41 43 45 47 49 51 53 55 57 59 61 63 65 67 69 71 73 75 77 79 81 83 85 87 89 91 93 95 97 99 101 103 105 107 109 111 113 115 117 119 121 123 1
3	M=A:      				4
4	W=A:      				2
5	M=b       				6
6	W=b       				2
7	M=b:      				8
8	W=b:      				2
9	M=d       				10
10	W=d       				2
11	M=d_      				12
12	W=d_      				2
13	M=d_:     				14
14	W=d_:     				2
15	M=dz      				16
16	W=dz      				2
17	M=E       				18
18	W=E       				2
19	M=e:      				20
20	W=e:      				2
21	M=F       				22
22	W=F       				2
23	M=f       				24
24	W=f       				2
25	M=g       				26
26	W=g       				2
27	M=h       				28
28	W=h       				2
29	M=h1      				30
30	W=h1      				2
31	M=i       				32
32	W=i       				2
33	M=i:      				34
34	W=i:      				2
35	M=int     				36
36	W=int     				2
37	M=J       				38
38	W=J       				2
39	M=J:      				40
40	W=J:      				2
41	M=j       				42
42	W=j       				2
43	M=j:      				44
44	W=j:      				2
45	M=k       				46
46	W=k       				2
47	M=k:      				48
48	W=k:      				2
49	M=l       				50
50	W=l       				2
51	M=l:      				52
52	W=l:      				2
53	M=m       				54
54	W=m       				2
55	M=m:      				56
56	W=m:      				2
57	M=N       				58
58	W=N       				2
59	M=n       				60
60	W=n       				2
61	M=n:      				62
62	W=n:      				2
63	M=O       				64
64	W=O       				2
65	M=o       				66
66	W=o       				2
67	M=o:      				68
68	W=o:      				2
69	M=p       				70
70	W=p       				2
71	M=pau     				72
72	W=pau     				2
73	M=r       				74
74	W=r       				2
75	M=r:      				76
76	W=r:      				2
77	M=S       				78
78	W=S       				2
79	M=S:      				80
80	W=S:      				2
81	M=s       				82
82	W=s       				2
83	M=s:      				84
84	W=s:      				2
85	M=spk     				86
86	W=spk     				2
87	M=t       				88
88	W=t       				2
89	M=t:      				90
90	W=t:      				2
91	M=tS      				92
92	W=tS      				2
93	M=tS_     				94
94	W=tS_     				2
95	M=ts      				96
96	W=ts      				2
97	M=ts_     				98
98	W=ts_     				2
99	M=t1      				100
100	W=t1      				2
101	M=t1:     				102
102	W=t1:     				2
103	M=u       				104
104	W=u       				2
105	M=u:      				106
106	W=u:      				2
107	M=v       				108
108	W=v       				2
109	M=x       				110
110	W=x       				2
111	M=y       				112
112	W=y       				2
113	M=y:      				114
114	W=y:      				2
115	M=Z       				116
116	W=Z       				2
117	M=z       				118
118	W=z       				2
119	M=z:      				120
120	W=z:      				2
121	M=:2      				122
122	W=:2      				2
123	M=_2      				124
124	W=_2      				2
